2022-03-16T18-51-35,08536,PENN MEDICINE PRINCETON MEDICAL CENTER,14,,,310010,03/09/2022 12:00:00 AM
