atascosa,TX
bexar,TX
gonzales,TX
guadalupe,TX
karnes,TX
