fairfield,CT
middlesex,CT
new haven,CT
new london,CT
nassau,NY
washington,RI
